created_at:2024-12-25T20:16:41.818448
updated_at:2024-12-25T20:16:41.818448
text:
